1460362
3026830
95065
349906
504421
68714
3861662
1356995
2251860
772748
1369677
1055764
535167
1848493
1568705
1749554
3116929
3628277
1629800
3289003
2776276
449264
3407628
1043530
14148
3720717
2617455
2883747
798149
1200607
337642
203771
3365222
3094084
4219390
3733
444792
3206339
1359609
1763823
126931
123482
17429
70109
3484852
3470323
128362
3716398
739162
1975979
3988569
1515377
1263843
875819
3676058
688764
92903
2162079
4181089
2542506
3324036
2059773
1067887
1997174
428361
3122787
4120309
2099389
2443390
2692022
3908132
714127
233120
2325258
154431
587455
1075255
3216652
608218
1513005
3522297
4303857
3332213
1589082
1289609
3745125
3124424
535854
3740447
4078516
691517
1456160
510294
659104
4318613
2801667
304173
2908329
67009
581159
3700000
1610716
3400008
49165
3281418
494966
712464
192231
1678900
249748
2631073
370170
2668359
76299
2811317
1404845
253861
3688333
3137520
93933
1238332
3017116
791026
3369380
2432156
2350641
1426504
1727046
1033170
813837
300844
2963480
3474899
3518769
3803481
3204878
397124
48759
1926223
466593
1598152
50924
142724
467150
1516804
626332
2687904
1317526
3060658
3792120
2732822
1215524
2257339
2107544
689818
1208613
346378
3368212
3058912
3306699
1577035
598202
2047031
2836697
4047691
2315221
1848689
356069
3390644
111413
2141119
1700814
3792073
229392
1165138
79023
2257980
1827138
2445387
127758
3394608
2987821
207398
287925
1579519
2604341
2553364
2263290
1774832
3027075
1425670
264076
4054818
135869
2411554
1099234
2496815
3973861
2066543
1881927
2924876
42010
1622093
2080097
426689
32389
2713816
584017
1801526
1947004
3013736
149983
2957963
1140378
3140013
2028791
852865
2608102
2344990
883269
1323564
1575194
2635011
3356854
43531
656516
3937596
2428782
3641164
3435785
3014469
1461318
2334694
3112910
2495892
2706003
730477
2098502
4066599
1100041
1801983
2603561
1290034
840238
2352801
62161
3218058
29117
324388
119677
3159279
1020130
1323935
2561925
2586432
3248885
1836548
2192593
3376548
3472380
2567500
139149
107798
2422539
484771
1196369
73777
2452432
2131813
112815
532922
1878817
462811
1434019
3591832
2329896
567501
476429
2106672
234590
2161950
2388500
126002
412872
380805
2144073
2705367
1022554
3276106
3842568
1224
3156138
183445
22650
3586288
3994968
2036152
2262741
283316
1651615
2054003
367037
2927781
2392426
174112
1601973
302076
2327427
677
337072
26657
3155681
416002
3876912
3117136
3492594
2626483
482345
1976183
2064204
486950
2360668
816094
3718223
2203844
998599
3045272
747575
2523391
1833065
2745610
2114054
3141683
440376
1665640
1101080
386424
2604743
539543
3170625
3642685
3719682
319994
1577239
1248502
2587097
1121941
557593
3092820
2781882
1668105
3074691
1021532
1222695
813804
3474753
1540289
568059
2686714
1796743
809286
3108303
346713
375174
296505
2011629
2081700
2668450
170682
2422236
1250089
568566
728100
2048684
1492254
3258866
914739
1139014
3505634
1385566
1495894
3725672
1165941
416308
1600517
2110448
1036155
109750
3698572
3867080
2795916
39501
283937
2567046
3359641
2294713
703789
3504821
3267306
884217
3372216
2301290
636530
3020363
722419
2571205
1862814
3269255
22955
1830242
485861
3393198
76947
1477577
369070
331052
3634225
3038722
814101
2396233
894023
2034063
716372
1338605
3390413
1577337
1574263
1364033
328565
373344
1298329
223420
1567499
3202278
4119964
637405
2588504
114323
516522
2250340
3641398
696431
96370
2175760
232654
1722585
1070963
2289110
2890348
69553
3637827
668340
1978454
1624686
1187876
2394687
124556
944145
2324038
163897
4004073
367639
805750
2040320
701397
1265170
3364517
2272568
3996996
766223
126386
1469118
2457038
1311810
3045445
1611543
2207289
3601550
2463607
2856311
1488407
1620625
1872364
3049575
613196
3066476
1062279
1286883
2978931
1220638
1129003
2867324
96119
2871005
560509
2729719
283600
1745895
2587073
200655
250840
3146289
2570377
3680212
640209
1979460
350658
3123090
757094
232301
2621469
3002999
3374615
2866854
3430342
213981
1438626
249476
2766
1735075
1346692
3812212
2297981
495556
545822
338359
285381
2299424
312821
212329
3368212
2656200
3143926
2901768
1790038
2563343
1738370
640073
2506843
2669415
732664
1002684
2035148
300805
1849634
2428851
1267698
2902848
2801104
667045
1678546
3833925
792392
269417
39408
2061041
598168
575562
2628899
403673
303953
2039382
1583382
10629
3644815
1833178
907424
845907
3023315
212537
3300811
3118353
3264185
687783
930069
3475952
2413508
2966513
2397111
2962484
4168098
3328677
2457342
3195941
903852
711351
1204879
2334301
1954231
2693567
3617880
3170446
1747773
3748620
183614
228006
2969933
1544074
1940569
318007
3388667
336447
107212
97735
2330157
4233527
1433569
299868
923501
1456279
3999437
2755730
28435
410169
466182
877997
2631968
2826364
2717411
1894615
968942
1193547
181675
379838
3661095
3063743
3774563
2160012
203890
132808
2358921
4369220
3230625
1206497
3364241
3734991
3130349
3663983
1491984
67987
827396
2589545
1506690
3604190
719176
2968286
1345023
76997
3739767
493050
756054
2925128
55325
2080968
82135
845814
2883071
435471
2506875
3535399
3587308
542398
2621588
3019178
2314239
860727
1932088
172889
244100
1284152
1309010
323118
2632447
1183410
218548
2426600
1211054
197006
760026
396832
1408220
1560897
1877441
306291
2329463
1865343
1517921
3448414
3707597
260591
2241747
1496548
3004763
2585883
496384
107704
1397407
2833902
791056
2382490
1273432
3064318
1422114
2851841
635861
3950968
740115
1193480
2547892
623653
3784541
155847
1247835
2861152
1265120
1185727
386289
384727
3604055
2428897
1578090
2351486
2080978
1751358
3321084
290260
140120
767115
1243250
194845
1067617
3465222
2612186
1615249
2772375
2261177
3969995
1397120
728432
4092974
2434296
2331439
1682333
1713936
3644526
4176597
1795801
666576
4009899
2609926
47179
2284446
46689
1934858
815615
669267
745124
1256856
1935256
1239998
2703160
3551583
2143940
1039742
222287
682345
2710532
3320955
1192338
3290414
4048930
2061408
2495537
1853548
3565802
633952
58461
422939
383095
3779932
3359584
3010007
149469
1428136
3255464
1382270
3698768
3666506
899466
1791153
3102441
2429939
2885504
1527401
2838175
2896333
2124978
3213766
976052
26099
3727871
192022
2897361
105602
2622333
1639393
1999153
2997930
547985
876477
3635697
1013667
2916917
107248
1267155
2376867
268302
189895
2241673
1745163
2832064
1342117
783336
364595
3674983
396829
612914
42697
490853
2931253
1097451
130739
149229
734240
1049989
2013667
440243
485019
2404102
711250
2418534
3341432
4232827
45960
789022
2224647
122031
3782499
3133888
1782811
2594258
2173916
1486805
3468
4240076
871265
1351535
4065250
3683583
1074486
906511
2613359
3583948
765437
3306395
2273162
3478427
758959
596702
571334
129342
1385712
3579850
1525734
146421
3747284
2674967
656095
2132391
557641
2873881
331519
4157146
2923241
510968
1139591
81360
1607706
857428
1534987
2914940
818124
170721
3091358
3187892
1087717
2999197
2280932
2549009
555338
3173820
2567480
1581220
3847564
2614100
2883469
3620285
3355735
1783143
2071223
2621466
562853
3542277
18984
2429491
3006760
379426
23284
4179004
4040383
3334672
1534009
2292769
2066351
3904360
3051888
1276750
2070546
578511
1426639
126022
2653001
3632252
3002122
1167376
344139
2809330
1425058
4141484
1962699
2538003
2283358
118745
1250188
3007524
881965
2474699
1728782
2638815
760898
1474742
345603
3745907
2945380
935936
2658260
426938
3493319
4342276
797639
3778448
407563
41570
3502583
455114
1119211
1318138
3275551
96607
779012
765494
1851327
176996
3176619
923359
757915
401579
2706147
1154053
318668
976213
138781
2061835
1334225
142597
1595503
1615959
2719194
3197548
2568875
255208
1462285
1565542
515954
2719771
2621889
955117
3967365
418736
3163109