1000
3018241 97517 2889
6083563 29903 352
2101429 1911299 9378
1534035 834223 1334
1643308 634467 2482
711083 573655 8014
7816913 93589 3382
3278632 564643 8223
5701024 1197304 8196
3407488 1861992 8284
4221538 1482184 9753
2634426 522899 3808
1064776 1818780 8857
4364152 667166 7731
3965484 828074 7000
4964317 1465209 2806
6528681 294824 2497
7772061 515508 1990
3450282 190682 94
6694829 116823 2189
6069463 516911 2525
1749215 850687 6424
8753021 1937766 8104
2318229 231170 172
25958 291657 5548
8789308 1347874 2007
5988464 753555 1732
7660960 1893467 6440
3602948 2006651 8525
2699393 298180 8098
2791580 2116296 9209
1414103 1006561 1099
8166877 1436434 7765
7151331 963163 1287
8901502 462723 294
577048 569582 3618
889054 1940898 1976
6687136 274458 6043
3249926 530709 3096
5278449 1750804 4979
1696545 1442684 6325
242105 1213789 6886
33202 1587018 3172
167317 27099 1336
8524954 1555251 1809
7555247 614602 7943
255215 743006 2542
7637189 204394 4452
1473230 1586920 9311
4762677 810720 9915
8167654 190517 8451
3273977 243224 7442
4347213 1819528 3310
2140383 388745 6862
7971717 619602 5563
1899877 522349 7665
1714170 1528364 5173
4403062 78904 6169
8627513 265336 740
7023174 1938163 112
7773088 1125017 6029
6217889 2098344 6756
3771682 1635909 684
5084990 1090643 8282
858202 1509212 834
7443764 1198191 8633
8967779 727162 1647
6319303 2120526 8203
6185470 1298691 7990
6332560 948516 453
8522670 706406 6923
3485050 2056797 7369
461804 1901179 5029
6518838 1868322 3072
307118 1985324 5536
2867950 1693040 7878
3756581 1606072 742
6744579 311275 3020
1469132 252697 2812
3887120 861110 5778
7793924 749330 4536
8840845 233132 1183
8334564 1670138 9513
3589591 411427 9185
3779013 1199795 7059
7874548 384298 5050
6808776 559929 7172
2295868 1224160 4949
7738886 257993 8196
8281696 124665 6708
1947472 564439 7891
3542006 629686 4123
1283188 262601 4864
2459051 1140844 4443
8638234 1008 1140
6195291 591958 5788
606691 1955736 3370
6323861 507204 5530
698808 564790 3175
2433355 1271037 7941
8860061 1460061 2982
5017950 1796518 8869
6908424 108408 5672
509638 411309 2066
6824079 261243 3826
2675217 1685286 6486
3447356 2022428 7922
380724 764341 5226
3736252 378452 1417
499426 1159209 5656
7073717 1811572 7367
736697 970475 7437
6361916 1025199 7047
1767586 1614989 9356
6576003 953370 6251
3049827 240137 4790
612664 2099243 20
8040584 663919 9111
7662161 1387122 3363
183576 339800 7322
4435582 1958919 4047
6332947 298716 8722
1966735 384683 8173
7103780 365021 7262
6203135 1338824 6782
5935736 1234454 7871
3496876 643868 6317
4976894 1522802 5486
2216004 149665 7260
2945717 1318043 8460
599390 2028425 6081
7553435 1626475 4048
8858507 1908710 283
7906678 869140 4104
8723938 1116977 3929
7167070 757314 9933
2394939 1600692 4953
1371254 1273737 557
4476739 624293 8323
963997 30812 6016
3848808 652504 9292
2204887 2103039 1867
285285 1124096 1177
935566 938776 619
3956021 922414 3197
3406300 2153636 7863
5852583 476776 9405
2907534 272482 7842
6128089 6773 4987
8692762 1108523 7850
7268777 1803133 6454
4324419 1893372 4846
6192636 1677958 1744
5840163 1625076 5321
1370780 2057997 9187
2503975 86749 124
691836 1174582 2352
8431240 1694816 5834
7215432 1097608 2408
8260418 1647020 5683
3544618 390549 7766
2667422 1471018 1088
4182266 88204 9696
5980361 306967 6575
8935680 840298 9474
5321217 690775 8674
4271339 573962 456
730041 17904 6125
7035874 254586 6235
2214632 1991806 9107
5230313 948076 757
5448077 2046449 3177
8589163 1005017 1882
455210 1104028 7101
3498135 1167860 3101
157607 2118928 3077
6356279 1840319 1241
4463086 808811 645
6385561 1494787 1833
251794 1748871 9792
7270899 481684 2368
7711654 1736013 2367
414830 895028 7337
573062 1834590 6315
5026513 1867475 3678
6145965 937283 5906
6435392 1328664 2177
6586631 2060052 8490
4063626 513963 7029
6081809 27659 200
2901599 50259 36
1583966 1055815 7949
8312683 203047 7730
270018 1934211 2720
4952684 129577 2198
4296360 2097892 2931
7138616 2144986 2647
8750791 803069 5450
4379280 246195 165
4576307 812454 6675
6072858 223106 436
1582892 1498872 2203
3587192 343007 5153
6191272 2031078 7516
850342 1198662 6393
62538 1211522 7587
7501819 2074188 4173
2524465 1356431 3742
5626265 2023213 3289
5192780 1298773 4646
6959453 931981 7602
1746239 1446273 876
6264793 348867 3185
2929944 649189 5513
8347458 2067432 525
4060202 2620 8249
1697787 1943992 8237
5728311 512107 1721
4738403 48424 4484
2791691 1025154 9907
4002687 1355560 8188
4240287 1089899 5714
6637513 1367492 431
6990696 276988 2773
86208 1908749 5457
3393083 2080051 679
8691331 816140 7721
5119566 262003 5580
8461285 1178957 9704
8612120 1740550 2961
6632025 603087 5671
3110212 187576 972
6662276 1992889 1067
8359057 2133237 7457
5391828 400045 1306
5643635 231629 1709
2144313 683360 6252
5912032 1715028 9105
8503963 370766 6714
3030017 829936 6014
3682976 79011 4353
6454997 1247875 2979
4092320 1512253 5470
2859737 1179261 8658
5687192 981591 4405
954849 830527 3236
7206556 770440 3398
689158 630924 3127
1614614 965839 6845
237678 1781857 2683
8350043 2031485 546
2954394 914135 4974
4323724 1675855 1677
6579192 1455342 7438
5744200 571336 1380
7388604 890835 8957
3938190 265094 7199
6051587 1666402 3825
7881064 1127968 4415
8887907 1943147 1374
6716940 1581940 1309
967484 689186 2594
1782456 1566860 2551
6824132 1979055 2245
967920 1861105 9132
4089298 1696561 867
1864605 1717052 5511
5438154 533291 5666
6238330 1974705 6786
252743 27114 9233
1060467 1988904 8075
5311774 1554140 1312
3010719 2085097 4624
3733268 865231 7129
8371864 1188201 3835
6580994 1921202 1848
2831859 1696857 1700
2363721 1410864 9491
5865737 1652394 4698
468873 1272889 7812
6378105 2054206 7866
6492530 1715530 8109
250192 1254501 4456
974815 149072 7639
761942 2052486 2390
5355775 1067630 2792
5693974 283241 4152
4165672 2120564 18
8371514 1819303 7862
8192562 507427 4801
373 128082 2207
6544589 232314 7739
1792696 1425807 3991
43502 1004872 6215
8121139 948564 3951
8993528 1003592 2681
4782670 710366 5974
6353172 1827690 2989
1143188 576556 2092
4391048 1087819 69
5382199 1274194 2503
1660756 926683 3820
7538494 1682932 8977
6058835 1273984 8949
955048 606824 7215
4115349 911404 7609
604380 1911024 1977
5770352 1115499 2018
2009691 2008337 6276
671782 2013138 3097
258201 204887 291
7147055 835694 8427
830873 1350540 9259
8559848 806025 3593
7825147 1590875 5419
8388712 1403524 773
6606320 1353354 5150
2688295 1723606 2699
4316663 364298 9788
5379290 1250882 7926
1552385 578485 4616
5352675 631340 5710
3357452 1725265 8002
8326709 890263 2777
5820300 1412612 5304
1992070 2042975 6828
7802841 1712297 9084
2584341 1089192 1692
7173390 2126608 3992
4713177 1047048 8074
6627453 1136233 3062
5782067 1553960 8752
7354127 1070762 1668
882127 1411323 783
4941254 1609974 1398
2486556 284396 4373
1149734 376887 20
7018816 1809331 314
2380507 1301421 7272
7244497 903248 9872
7798922 513552 4858
7818334 378971 2518
1933436 1293449 3983
3491454 336976 2156
3052236 555233 6982
6473632 1299439 3878
4144355 1900474 9968
2670725 1555540 399
8257389 2071749 4220
7221012 1657249 7571
4940882 1604673 8375
6485738 336357 1246
2724607 681543 8245
2498588 53198 3724
3167094 1539486 457
7034075 84570 98
5124303 2043725 3122
1724269 588152 1315
6451018 1077591 6366
4961589 1368103 5915
1969158 350586 738
7617531 1400926 3895
688775 1719033 6841
1053371 303023 4889
593445 678618 1525
4250252 226995 8145
5510348 1346948 5472
5523469 186570 3524
341134 669588 5317
6827498 1983027 1771
3259764 759587 5459
2920500 1783368 4885
2660746 1204546 5271
4413937 316569 4244
4638824 1654316 6664
7936699 1418968 3159
2781194 951716 310
2316664 38637 1730
7246538 235271 520
4311853 1540722 900
4249974 1258186 437
8485431 1034088 3858
3536667 1204786 2406
1128288 295673 4325
3758882 557849 6041
5595545 1374650 4361
2705054 632744 6677
211714 459360 8815
8839794 1442650 8438
8040313 306154 5560
6291211 699380 8798
77998 775014 2537
2501854 1933981 9725
6800610 1666519 4499
6994933 275651 800
5227324 637898 3801
2231683 824105 7995
7034711 25069 1558
7159876 625264 1658
2948312 1179879 9964
8260223 1515792 8245
4839019 236440 8309
2637906 1364847 1392
7833982 1793257 2763
3324831 1879993 6664
6265629 1123219 8815
4625780 900153 6020
6670126 131616 1291
231682 928892 5
5073338 1412854 5384
2023301 1051579 8326
7847896 1061501 5619
516203 362309 1118
3113945 158791 875
736706 788372 1918
659720 694504 6638
8478533 1210084 9393
6930903 853460 6859
1712193 83992 4201
5178548 386083 6207
3853931 2065886 4789
5578607 1510482 2390
1430576 1692787 4249
2911692 234482 6443
7822566 1041740 3467
3190834 36160 6121
3243822 95296 908
4729565 2001499 5820
2166422 1509292 2415
746973 1483593 2348
3419531 822874 8286
444318 1168183 5768
3693058 558060 2157
6803657 399102 2491
8610098 370170 9531
1469916 195107 2643
6132387 955379 4289
223293 1478495 6839
2929112 1896069 7933
5481525 980845 7576
7470223 187428 7502
1918507 525646 2388
190625 1026106 7850
6319132 1967613 8652
1901621 1436314 4725
3707502 262332 7984
3396495 1254569 8713
5930783 1352563 5360
7273972 1493277 4782
138255 1760704 7529
7702182 426529 9807
1336034 1671036 2755
4618420 661513 8761
4496268 1246897 4776
3881271 1505520 7242
5112346 322972 9624
2380328 2131217 4394
2445391 557102 8809
6520750 1872674 8688
321882 1244032 6444
8079409 71264 4423
729214 1416898 7261
3748319 2136819 7076
4797078 716439 6023
3228204 1825410 2943
4135445 1605106 3717
7021419 292386 4634
5502163 957028 9039
8800970 806978 7415
3396008 1863562 4047
252450 711821 2861
4873223 1934987 4062
6660482 1746406 3683
3837556 1213936 9572
6239929 149040 3085
3252870 29785 8943
5616585 1202007 5130
7727570 524470 6708
6516607 1589393 9036
7290372 1577751 5950
3154418 177604 5921
5327277 2086027 7810
4177689 432962 1666
6291370 192220 8952
1680941 454550 794
6744024 611072 8082
3109317 984760 6789
4124445 1550680 7659
6751151 793289 5852
3026537 585261 6406
2272485 14479 9410
7084756 1350109 1989
192564 1696748 1403
6860580 1118571 4726
1369530 248512 7978
6496675 1037238 4100
1344755 777555 3160
5451542 1959753 6142
6319199 1145054 5731
1781402 1380092 2045
717806 216127 2776
6897214 604636 7137
5225553 84800 9188
7846955 486531 2609
2148031 867613 3323
5336007 1377088 8061
696457 2086493 8468
8329616 2083437 3321
1512108 1808887 5678
1244190 779589 8220
5816233 573295 9599
7415359 1409361 5735
7852495 1103266 788
5821681 87973 69
7614288 753604 1584
427609 1440311 3423
3522020 644769 6368
2006838 1507887 856
6510 1309797 895
4272186 802037 2336
3346756 653372 5231
8502705 878282 8044
5308439 712477 6410
989225 1936210 4436
2405644 1314000 4140
1927226 1250509 6204
566999 752081 4725
5153366 554519 9214
1170572 544931 5811
421465 1784867 6599
8203799 1467375 9971
7235380 1922981 5055
7929774 1641922 2634
6512534 708999 1894
5346968 1766893 1794
6581107 1454421 5655
4583661 1106921 1536
2018384 738239 608
5247596 233911 6189
6783405 1444576 309
2386354 921027 1184
3356324 1350957 1117
6141377 2071081 9489
594010 2028515 9790
5052254 1352986 9383
5614047 756345 8907
4256052 1720656 5430
6467587 661892 5319
6804545 1202338 2132
1757084 422995 4058
4597391 1240300 2487
7704926 37076 6296
1582393 2003905 3527
538233 1426567 9644
78021 283024 2730
6123755 2001673 9627
2602660 1406325 3833
2598088 1446964 2775
5779757 521959 5665
801887 1415896 8313
602295 1559589 7315
4384780 306017 8993
4901074 1734311 2048
1080951 1059694 1818
8436945 1147315 194
5316026 1649670 2617
1815651 1906782 1092
2519483 827670 9859
7478608 1431979 3170
424272 1713966 3566
7688935 1087313 7706
6626248 389543 3123
7625239 1096869 7286
2343637 968072 3330
3891805 2031668 3748
8321997 1370094 1568
6764612 1937597 4753
6992055 1059030 6025
6471912 1677691 7055
6525080 600113 6323
8908645 572450 7887
7252701 595348 4230
5745822 831139 4352
7519459 1127578 5424
2562787 755084 9794
1502885 80183 190
3430804 1021046 6238
5465555 796953 1768
4721578 813117 2259
6978631 1591497 3374
7554953 319194 9776
7052838 711947 6074
4373418 877872 315
7934120 436881 8194
815895 448668 4230
455687 2144054 2263
6685876 746010 1261
3322112 233965 2314
5400230 1519093 1631
2398840 1762827 2381
7258564 481230 8127
668339 1001270 6575
1770763 1556340 7197
191077 1087161 7278
5305621 645308 6498
8489849 22795 8604
3582110 714973 1514
863370 263635 6331
1842034 2009218 6375
3990016 1077458 1402
8348747 349874 7734
5826872 315413 3256
1709797 1652927 8548
1743344 923006 1609
930620 1367627 6917
3383469 1627476 4265
7088423 1824488 7488
6476288 823560 9176
7012617 1577795 1094
4418990 629761 8204
3706742 1768858 3878
3430826 1043732 7892
1644080 1280730 9021
752627 1243324 7579
8690586 1368397 1758
8273854 2146368 5786
8958117 1408991 1924
6461955 2141931 7785
591129 183349 5680
262221 1448141 9943
5906775 1188934 2953
8750652 12212 2835
7494894 1033645 8867
3910265 1497272 8244
7187842 459360 8241
8149598 679616 8059
6285382 24685 2652
8693656 1365691 3534
3721439 737472 3385
243469 107496 2226
2249762 594971 4162
5572713 393623 6925
5071899 2058519 120
7940764 732384 2294
1439006 1692276 1406
8013597 2077026 4373
4048006 1357960 1808
147009 1359567 7551
8270541 791008 4424
980276 1188328 9870
2662500 1150392 8443
6056661 206406 7669
109936 1639755 1788
4466406 304471 6173
1878698 1714428 4751
2586454 894827 2928
7830825 2064684 9190
1118984 248043 2757
6912885 1899136 4116
7803659 732862 5296
7569879 395264 6238
3118321 2033525 6246
6715988 1472813 8153
7857774 1819419 825
4970297 341819 8855
1725047 1811674 482
4304325 440149 6468
993513 647735 3111
486269 1643973 2999
4536735 1968432 6811
4388381 1770362 9476
2290969 1644733 5153
7333566 2068673 767
3071717 704897 9138
962540 525445 6208
5961393 1108194 9732
2598226 176119 433
404692 1285082 119
3044154 1524103 5394
787151 1684190 7976
3613961 797521 438
3219787 97993 7573
5661290 1906409 696
2048407 1435826 7946
5847544 1188619 5493
4453750 723064 8087
3969832 933990 1358
8710263 1813435 1790
8826732 1411539 1196
2232124 1710942 7336
5730099 1246605 8210
3406887 413792 6405
7380811 1371285 8166
6367857 1196092 5292
2742153 1749386 7663
1473996 1258588 1428
4288433 1493620 9770
6489789 821986 9157
3587930 2005818 6346
5069124 304145 7039
4502810 1955946 4396
6277370 148735 5189
3683773 839546 3624
7571937 1868256 6818
3013580 1741859 7557
8971241 1069306 2045
2439019 958789 2718
4015140 1628181 6
5104295 8511 7674
3266992 2019687 171
8290381 721299 2767
304775 1223170 8603
4046314 1550645 1601
7176288 1453985 2457
2743105 212865 1819
3627012 1255558 5177
1765407 992830 616
1128123 358670 8549
8458127 1250017 4412
5582152 724359 9399
3732321 576142 3549
6671439 1968468 1421
5290040 1128084 3066
5001639 1498923 3001
6690447 48280 2868
582264 681692 329
667439 387199 6809
2234405 700175 4781
2772953 286454 7048
387363 1151856 6308
3663113 1527880 8652
8103012 1172569 5772
5500783 276411 9207
5023847 1793350 8930
6793199 1248449 4462
4822417 300063 654
8082744 142754 8605
4529551 1735312 4680
1694330 237467 5235
8197729 11782 4293
5790387 921795 5673
6279037 1616159 4844
4484808 1120142 4055
4454013 1026142 1258
7879293 590241 8907
8503753 150560 5173
4470757 879155 8877
3029360 1696208 9691
8824039 804241 3458
6829272 1609420 941
659915 565557 7888
5015587 446696 7848
1116781 1023404 8590
5220835 1351119 9532
2362091 730862 25
2747348 1408815 9288
3442519 1952272 4943
3147747 634035 2853
4097436 226924 1446
3580893 1100898 7768
5501832 95513 4477
8039718 936552 224
4813916 526036 7130
3292505 1213021 8050
1048387 603814 8262
1358411 2061262 8580
7077697 1656634 9654
8288990 1647081 89
4038193 1653517 915
8535990 1955162 1013
8463756 365896 7379
4128232 5417 5683
5324806 333733 769
4021934 314838 3042
8189982 1058378 7406
2224595 956691 5471
113173 202090 6055
842825 1829880 4386
1959265 1193075 6505
8770178 1210315 5870
8137542 1418374 7066
6204919 184906 4333
536952 238014 5517
3217720 361448 5557
8500760 1989833 3985
4264517 1499978 7176
7739986 342451 4416
7886039 553028 6998
2366775 567843 4126
4279630 697324 7243
8205498 2000616 4117
5162563 302685 5575
6706894 935887 1839
3168761 113959 6390
6840669 1164320 923
6254652 461987 51
4318179 68223 8704
8108945 1681414 182
2432294 480191 7278
326418 274221 4552
8360011 904270 9368
964127 580083 5455
7299700 1504979 8494
207890 1856543 9254
7194278 1949612 774
3965199 686414 3163
5261600 1263295 5538
7680302 1684443 304
1096834 1623587 1845
1954110 201157 3016
8055012 783618 9686
2504378 477045 5271
7539831 1705998 4103
214676 354438 1696
3713928 1179618 9958
6571052 1817319 9224
534213 1653121 3022
376101 987723 5765
4982755 499409 802
4204598 714272 8609
5837612 173484 2779
3603649 919415 4725
2665270 1098598 9075
729371 1688674 1315
7997417 647452 7833
793725 1378906 2254
3372948 2147121 8275
85968 905922 950
2558083 1576377 459
6188883 326377 6783
3853842 1658940 1768
396619 135141 3835
297694 647363 2085
1856767 388287 8660
3314432 1214454 5514
4832263 804930 3421
2924515 2044030 1892
2852788 1882750 2817
6813736 2005533 6496
1420546 1921568 4774
6627327 1790260 7016
7005445 322581 2907
8575630 109976 6772
877714 785795 9
2126372 548328 7016
5068236 618943 7748
241655 658811 7780
7729898 164901 3780
6392713 124938 4215
4729207 1163586 3533
6943979 1755463 3045
4390993 43161 9176
4190250 1216641 9354
7021 2103955 6300
8603380 123229 4030
1976746 234216 375
4404492 1701423 1236
8292270 161771 1238
8242400 875234 1328
3296613 1147642 1964
3160144 1347123 6279
6203187 976469 2392
7338714 170819 7784
3348066 1817192 7241
8604364 1991575 3071
6454744 1908421 3489
7215118 258264 5562
2842704 1324786 7534
1673940 480537 2218
3071618 1928950 2462
1423580 1164897 3038
4906210 2134786 4607
8008600 848900 2778
4822734 1771267 4323
1709974 1417133 5600
7829395 334828 7271
6732882 1382948 9787
2178442 866252 4574
5412326 1147545 8113
1310895 195613 8265
7119707 1371946 8562
2782743 2119706 8399
8723700 409408 6949
7616477 1769995 3566
1017150 1836971 7252
3012748 733566 9330
1096369 933650 9230
5156155 1940744 5482
3517079 1802223 8379
4421542 1351568 6543
7649805 1819925 4639
1878366 242119 5297
343115 1948669 907
6866414 683698 9252
6796331 420548 3923
3253581 1078148 4341
6209261 210868 3993
4878489 316625 2088
5620321 522304 8861
1108699 1391946 2881
6931592 583953 256
6512581 1377621 6727
4757876 1595436 547
7708781 13653 3547
5704384 476184 3698
5938305 171367 6596
8788997 1548428 2216
8472988 1761519 3991
5201426 1635140 9197
4386637 244191 9593
7339516 2096585 2499
3179771 2054066 3770
7206496 121942 8157
1143393 1105426 5310
5123291 264310 5146
7646987 1633467 8563
759933 1634164 1241
42148 1283555 5112
8682489 324481 9304
8681685 600919 2196
7977628 1308285 3031
5220125 2152108 2800
5803894 1218357 4092
4588401 455700 6870
8440061 631341 4032
6155205 51430 9500
4503766 1950266 316
4211357 70266 4121
1156467 1196505 9353
4475769 1622492 7574
794315 542271 5311
6043697 737696 2820
8736495 1471992 3177
8146937 2142693 3279
2983806 649054 6673
2467836 1779559 7053
7053686 1435027 71
4014001 1163886 5237
8854472 571505 9245
5260175 1334777 4937
6617747 1541742 4610
5783057 1216341 8057
452227 214738 8101
3315402 815026 195
8065031 2049984 8701
3791702 2027772 2413
5175106 225709 6242
3975175 517612 1429
7266763 1989134 9434
2216006 694210 5913
4537293 1587809 6708
691902 1665918 1199
8416309 924495 8538
6514408 623649 9166
3090953 1219081 3600
6586005 1269485 8574
1638416 784541 7235
8784656 1798019 9897
8752435 67884 3384
2698220 1102942 7046
7614131 57235 4807
810837 1868839 5626
848387 765248 8671
7463275 458109 3471
1802439 892212 9654
2882389 643967 7539
4170961 1534685 6883
7238195 687094 7754
1614442 1421229 5388
1637824 79801 5380
1601220 70233 9017
4606026 903372 4557
1951650 1597659 6405
6606671 253434 5366
3886492 2039775 8929
1856144 340314 4848
2340034 1536876 5536
6996915 1584621 880
3351019 1042913 5011
636405 1942640 7363
2618135 665710 198
1317150 1039588 3870
4458057 334388 2282
4424461 1756012 3968
279825 1532304 8094
4115104 924099 960
4516303 1284385 8436
6638189 1199802 459
6749067 353971 6925
6150428 1012678 7567
507789 2080963 9429
4467985 1543415 7318
4358206 1227123 3208
1026838 1939086 5770
7420804 1981263 4825
5375248 131470 6376
3256207 1345973 7961
8750993 816264 9165
2097803 1260331 5036
8394726 2068509 3664