22
5
1 2 3 4 5
4
1 4 5 8
100
36 15 75 31 49 60 21 9 43 56 23 89 6 55 44 3 44 13 39 98 19 56 38 74 84 83 93 44 62 91 30 24 22 23 5 23 29 12 56 6 2 83 68 92 16 17 68 89 1 1 90 55 9 21 9 93 32 29 66 53 7 46 64 89 4 97 65 59 98 80 58 86 15 35 28 6 23 74 52 63 56 23 45 29 32 54 11 14 44 64 53 23 89 4 27 81 6 97 40 59
100
81 82 8 49 26 40 9 32 30 55 73 34 58 57 15 42 64 41 2 62 62 33 19 99 24 39 5 89 33 79 92 42 95 24 82 8 59 45 80 56 100 83 18 35 2 2 27 77 86 68 83 63 37 81 30 38 45 43 94 30 14 43 51 40 37 64 14 64 63 46 62 12 51 52 82 97 8 36 12 9 10 74 34 79 97 36 99 4 7 73 65 81 75 89 10 56 68 30 69 23
100
37 64 22 23 27 29 30 70 79 78 93 16 22 13 81 10 26 59 68 53 79 77 36 47 7 68 44 5 18 97 100 56 73 94 14 60 32 31 29 38 49 22 46 45 41 33 30 30 81 23 42 44 57 34 66 17 42 31 71 19 86 57 88 65 21 77 99 86 14 77 71 35 64 88 43 30 94 70 94 40 72 89 61 19 25 69 77 62 11 88 84 45 18 8 82 94 14 5 22 40
100
55 72 99 29 52 75 53 2 36 80 95 8 8 15 22 58 39 95 83 89 90 60 92 34 78 73 15 64 99 82 39 59 20 78 87 96 88 39 66 96 16 94 51 44 9 50 6 29 49 54 60 60 43 3 85 94 54 33 56 70 36 75 46 58 52 71 57 46 44 63 79 94 61 3 62 55 3 93 47 27 46 38 45 65 37 93 29 86 37 6 46 48 64 13 33 61 12 45 42 21
100
1 90 51 55 72 40 56 41 41 6 45 96 87 43 39 71 57 79 11 80 100 53 37 52 55 13 30 92 8 90 95 53 30 1 48 17 10 12 55 26 53 20 77 5 20 100 14 79 51 60 97 82 31 31 64 82 44 25 44 70 54 69 39 4 73 5 94 12 12 31 74 3 6 86 65 47 30 81 70 88 8 70 23 36 23 65 34 44 55 12 57 84 15 79 21 68 73 53 41 31
100
36 75 22 49 12 60 89 95 2 86 10 9 17 46 79 55 59 81 29 16 77 24 18 47 71 42 5 66 63 18 72 2 16 11 4 6 30 71 42 67 58 74 57 99 9 52 54 41 10 60 13 49 56 74 41 6 58 38 29 12 61 69 37 29 38 85 1 39 82 52 82 83 63 33 16 73 10 41 18 73 37 49 85 24 54 57 50 98 41 39 71 75 100 76 35 20 92 84 55 79
100
46 99 18 77 83 78 82 92 56 66 7 47 56 48 94 83 95 10 10 25 1 57 94 92 65 5 13 32 26 16 89 6 77 62 24 24 74 26 43 77 21 54 31 25 39 47 43 30 95 80 1 81 21 36 52 45 64 79 48 9 8 14 98 70 18 50 84 53 14 66 94 67 1 83 59 56 78 41 28 88 10 88 66 94 4 1 57 85 11 33 98 79 8 7 3 19 42 35 67 79
100
68 74 76 13 18 39 97 14 73 3 72 52 14 25 12 64 31 99 5 84 14 3 9 19 61 15 69 63 4 38 39 51 45 36 46 96 78 41 9 3 19 92 32 89 82 24 47 92 100 11 58 73 69 32 49 46 97 37 14 91 27 49 87 13 39 35 80 31 46 3 7 44 35 53 59 23 86 36 92 16 78 46 33 81 49 53 45 45 48 100 2 20 63 20 51 77 72 10 59 31
100
89 19 30 77 13 57 94 77 74 83 69 58 73 60 68 82 31 37 16 84 64 15 67 12 93 5 9 37 81 79 19 18 98 88 45 99 24 2 14 97 89 56 29 31 8 34 94 98 49 45 27 43 73 46 39 98 11 93 13 58 30 58 84 56 80 86 18 18 32 93 38 3 1 2 74 22 9 26 37 44 15 3 6 5 92 51 83 53 37 45 18 10 65 7 67 42 88 4 89 52
100
11 65 60 18 89 95 23 27 50 60 57 84 65 35 92 67 66 57 25 64 8 71 27 11 10 30 54 57 53 29 52 32 16 75 74 29 8 44 8 29 32 24 74 19 16 56 87 7 79 30 68 91 41 26 67 62 28 3 3 80 99 37 63 69 23 71 91 48 50 66 43 50 62 30 60 1 43 10 60 74 85 78 39 70 11 52 13 96 16 51 84 59 34 44 41 63 30 87 22 19
1000
297 504 333 219 383 569 812 871 767 206 200 836 364 156 309 779 784 99 85 146 67 130 970 112 317 366 236 165 58 538 178 886 919 207 302 278 647 112 610 579 246 917 83 882 225 653 693 813 687 915 117 297 8 844 120 115 996 114 460 331 283 458 107 250 372 208 196 434 123 363 296 109 817 831 348 380 302 268 642 74 855 85 622 935 658 612 580 833 607 425 33 664 304 903 164 126 435 891 516 309 69 7 945 283 993 852 255 785 413 726 491 882 990 427 278 263 641 792 990 56 958 265 237 300 418 578 210 966 999 560 326 159 691 544 27 864 403 540 103 653 127 976 305 553 908 470 65 798 542 970 654 256 501 995 649 425 462 418 980 894 539 381 518 553 473 500 421 85 792 318 487 325 287 260 548 556 805 810 730 157 482 79 78 432 537 626 881 591 759 968 197 40 177 705 17 630 648 892 725 125 283 57 831 37 425 576 144 621 461 758 112 533 274 283 164 732 749 94 904 926 845 207 459 212 413 274 785 900 664 289 205 161 853 224 591 71 617 474 422 158 568 486 615 488 4 29 278 39 401 195 927 393 536 463 87 688 598 955 874 446 720 758 531 784 851 207 789 548 888 998 167 580 136 821 147 362 509 527 450 446 935 908 517 536 601 291 68 950 668 533 370 663 22 914 361 584 749 313 744 221 278 478 304 707 86 775 976 132 104 270 377 514 112 337 12 998 349 535 794 220 998 453 926 577 735 395 961 832 129 712 340 361 573 272 218 100 924 691 132 81 328 779 483 13 809 246 577 996 778 59 112 132 282 283 488 996 560 336 585 530 425 757 759 606 41 756 960 526 798 628 483 600 991 594 797 919 811 51 674 325 162 490 542 584 66 246 40 360 154 421 628 627 980 662 481 699 434 329 775 956 443 239 659 385 387 14 603 149 487 294 802 412 525 267 58 889 70 487 188 419 451 359 677 542 721 562 549 955 516 417 843 100 505 365 916 504 560 893 59 623 59 703 550 198 841 798 511 358 69 9 248 27 70 351 781 164 692 248 572 531 466 477 346 213 971 482 598 504 841 47 938 922 601 278 259 626 303 475 983 12 740 422 350 176 152 597 325 315 902 191 833 473 209 718 551 648 675 946 618 20 224 321 160 791 25 910 9 350 30 455 488 169 257 417 918 679 805 300 330 392 828 610 754 818 610 536 44 327 19 192 148 598 703 891 830 495 346 196 173 759 453 93 543 454 534 770 574 176 313 409 689 311 519 863 439 523 715 305 98 295 140 879 554 3 218 371 694 510 383 923 579 552 128 758 552 630 932 48 263 809 766 433 117 840 593 222 871 88 795 328 456 36 890 752 97 221 473 369 175 425 81 173 629 441 842 218 597 842 201 916 243 933 10 281 542 389 321 847 870 701 679 105 597 620 449 860 86 247 929 364 228 680 40 859 565 149 930 439 496 613 545 804 402 183 384 59 622 692 632 402 99 561 950 65 148 494 717 281 403 560 332 823 955 829 988 662 733 353 489 317 9 788 497 706 409 619 46 540 960 123 845 115 324 616 214 573 269 693 922 929 564 119 987 87 192 805 834 357 53 4 638 413 635 383 776 919 567 368 646 427 629 176 669 249 619 295 369 388 528 423 5 6 127 901 153 960 987 923 615 752 490 10 784 958 809 4 490 561 222 248 856 619 382 723 733 687 633 776 803 1 232 951 508 23 760 357 182 435 589 346 23 953 172 83 826 169 442 368 402 791 93 87 167 417 970 216 528 287 914 981 720 773 897 181 890 784 963 428 646 648 988 89 408 895 6 359 482 608 123 838 670 61 206 464 35 581 351 761 994 2 259 317 556 52 710 934 921 551 62 675 192 584 811 978 283 271 986 964 356 969 96 101 922 954 170 466 540 428 571 667 349 631 675 297 64 395 550 875 837 705 695 418 595 42 282 654 178 21 651 238 102 981 736 898 421 40 278 489 388 309 447 534 140 34 484 955 20 821 79 880 28 182 238 255 782 708 393 693 149 479 205 92 994 160 200 652 442 10 75 895 148 837 100 176 961 315 599 30 270 591 888 96 761 313 621 649 140 131 882 533 323 643 301 807 376 245 45 137 428 246 865 286 573 63 91 626 749 158 414 847 359 520 723 201 389 797 252 554 726 598 866 5 660 882 76 949 731 123 209 730 120 971 898 233 19 716 95 777 217 85 545 482 235 891 182 56 42 112 24 212 522 338 843 595 415 609 620 844 265 681 744 984 560 242 707 859 834 790 167 177
1000
106 152 731 760 779 463 274 343 711 476 356 49 862 656 906 801 680 393 876 941 8 928 201 903 350 487 799 853 905 979 349 720 953 274 248 516 85 667 203 878 772 272 646 948 38 408 76 988 9 210 604 858 15 896 825 854 188 601 267 604 784 362 353 761 200 877 593 400 210 418 882 867 570 610 257 305 615 830 371 541 98 271 144 531 537 712 705 255 303 274 98 570 142 122 424 762 881 979 335 366 796 317 527 584 504 591 369 828 655 973 736 972 88 912 26 4 220 404 219 182 351 731 783 842 245 537 786 650 690 55 173 973 993 115 165 864 455 807 53 123 1000 456 390 103 958 642 456 88 697 895 457 706 985 573 300 646 240 601 692 190 719 348 169 654 787 67 391 831 972 616 672 888 623 51 251 313 760 810 520 646 566 507 572 872 455 22 697 237 282 770 344 342 867 818 510 506 866 354 581 952 783 222 794 243 870 113 377 611 237 781 767 744 74 749 222 359 497 61 212 77 170 829 185 106 514 241 105 305 766 546 938 794 629 383 596 255 464 448 654 522 408 744 412 921 50 784 896 628 326 428 283 364 819 279 16 592 53 153 739 90 876 135 761 768 468 351 717 725 980 927 2 941 39 847 601 395 705 903 376 506 437 415 748 443 726 218 406 478 831 642 655 578 492 475 323 120 535 191 989 866 901 666 170 865 851 321 940 384 627 50 13 661 11 72 641 455 301 927 752 287 997 290 27 694 232 101 518 408 16 203 647 893 31 848 941 867 838 364 643 47 521 91 188 334 37 472 927 689 804 812 486 643 392 700 698 833 623 678 11 559 378 234 591 227 556 841 657 829 744 252 177 16 942 753 378 607 927 976 973 434 342 938 602 479 870 30 703 862 510 789 30 72 302 627 715 499 567 668 967 738 264 494 150 129 557 681 828 400 631 436 869 394 669 22 926 569 764 401 747 325 386 879 632 23 218 277 779 541 948 477 74 947 639 145 363 166 947 912 609 206 587 526 110 535 654 911 46 53 686 544 463 770 388 576 375 591 833 839 744 396 22 337 754 327 56 26 547 644 745 402 564 361 713 880 858 503 749 629 122 121 670 627 153 416 705 902 914 528 539 251 764 579 698 709 809 911 986 710 100 20 760 236 628 300 674 480 994 151 317 70 872 63 824 899 842 224 705 464 427 745 480 395 808 733 442 343 512 581 591 353 757 120 152 35 773 618 273 277 331 307 43 578 7 940 365 693 95 338 204 749 720 604 717 921 11 529 41 554 311 807 289 96 458 599 13 317 893 969 492 456 310 310 13 291 924 89 792 65 668 670 705 846 412 282 502 493 588 606 669 408 802 576 979 992 734 349 134 778 823 841 658 147 89 506 574 423 90 31 498 983 254 146 878 869 614 899 338 727 877 329 611 435 578 552 592 691 665 109 689 603 356 622 316 963 612 715 233 888 155 598 293 667 908 593 961 227 746 848 282 432 221 447 338 726 810 144 349 985 742 733 243 694 67 450 770 117 89 610 367 426 76 40 276 270 884 420 377 899 594 480 413 557 110 86 183 674 506 510 227 857 725 982 547 836 900 679 609 84 614 508 59 344 913 627 305 609 384 683 676 156 258 419 302 508 299 224 400 969 44 288 493 488 48 938 212 55 900 942 180 206 544 46 467 982 566 897 53 434 79 550 795 571 939 774 604 625 750 953 367 865 318 129 905 197 884 595 771 471 159 556 123 22 916 771 721 978 244 83 425 691 641 778 859 545 413 399 674 176 837 477 912 913 383 374 39 26 817 264 408 500 139 649 831 533 766 815 550 327 528 959 611 724 626 30 853 513 295 367 209 569 936 386 194 496 811 433 967 685 697 168 173 859 875 34 985 876 544 217 75 1 569 982 824 342 855 558 416 471 41 765 878 199 894 644 824 497 70 140 44 283 51 378 563 563 710 68 557 382 701 341 131 594 829 421 566 18 355 254 109 718 680 687 158 602 500 537 536 160 942 872 389 659 144 818 937 455 889 530 744 317 630 457 618 468 140 966 567 158 362 598 620 112 343 184 26 770 487 528 457 762 514 955 403 519 181 316 307 147 167 268 298 138 193 155 622 814 173 112 905 832 788 980 289 550 739 319 481 99 585 397 632 612 508 732 514 828 575 27 610 346 203 823 259 710 198 939 413 592 643 310 355 305 74 371 113 16 413 635 337 445 204 569 762 851 693 289 906 154 209 10 639 525 434 8 159 85 924 155 595 855 898 22 246 512 548 863 481 3 487 690
1000
509 680 94 685 331 676 889 277 981 359 226 934 775 162 77 301 147 786 869 865 526 436 185 645 457 88 747 530 319 258 199 972 967 444 445 77 435 625 966 297 22 471 602 476 186 223 85 303 223 750 508 727 802 979 274 313 439 193 492 712 772 692 973 263 72 365 431 855 452 39 829 9 992 212 59 209 646 125 82 596 188 977 251 925 862 199 173 487 425 792 186 900 761 332 776 752 68 692 84 163 714 636 713 215 456 591 83 927 902 603 317 881 383 154 423 403 790 767 594 216 182 760 445 845 418 228 498 20 867 347 22 12 57 238 540 741 651 557 743 604 736 962 256 619 81 707 463 294 499 921 730 308 679 652 792 484 706 740 242 200 572 727 507 64 205 36 40 642 743 267 957 610 495 614 908 88 692 2 454 56 199 743 521 389 808 226 865 618 618 800 862 657 693 168 178 640 591 266 897 319 357 615 553 438 823 546 967 795 349 880 803 339 871 153 187 312 869 245 622 962 183 183 691 568 460 10 1000 975 270 2 803 875 522 171 209 30 927 319 408 532 590 646 85 442 852 648 633 750 884 619 198 892 790 31 812 607 511 269 107 170 599 423 406 226 197 977 456 927 579 125 951 384 147 289 202 57 248 823 41 336 12 520 45 641 326 796 317 143 432 691 247 435 18 159 314 7 75 464 588 319 676 268 925 684 533 432 534 731 588 814 790 612 803 792 629 515 237 521 939 120 459 383 616 997 911 205 839 303 657 257 862 45 311 310 546 530 572 697 80 269 218 362 586 232 53 120 402 371 15 215 221 604 249 605 340 798 264 698 521 573 650 973 521 897 215 511 871 945 279 978 354 660 567 846 428 91 805 623 426 743 571 737 85 953 912 951 615 123 86 538 372 499 716 129 459 632 143 48 71 386 261 690 876 469 794 908 367 74 792 479 556 980 445 844 112 457 291 602 79 351 487 109 159 696 462 358 230 516 161 586 81 713 70 838 348 357 428 674 420 260 490 774 774 790 551 103 114 337 437 384 708 629 151 542 940 710 435 142 775 378 968 533 856 506 992 9 73 487 309 749 887 660 314 916 248 652 582 32 189 480 344 973 922 460 336 716 527 752 654 609 955 137 573 782 901 223 520 968 801 645 909 549 890 951 887 957 270 606 597 162 195 970 476 157 534 589 670 725 22 965 874 735 759 958 560 236 689 45 825 58 407 857 481 381 246 6 566 328 788 256 497 241 807 289 503 843 221 118 90 943 552 952 526 612 831 619 616 282 37 553 815 747 424 507 383 888 858 631 388 782 140 772 493 294 661 384 835 314 104 183 372 960 998 454 782 711 733 411 532 790 730 791 132 873 508 483 338 401 384 30 861 245 586 824 427 564 478 131 290 972 436 218 132 112 266 672 752 354 626 449 145 375 99 938 569 394 237 767 853 979 606 227 699 246 707 657 775 945 542 426 329 590 958 560 753 80 473 16 244 384 147 394 667 240 635 446 117 844 371 801 512 610 219 674 564 158 486 706 931 559 622 800 16 126 226 478 181 864 655 366 459 476 220 323 511 533 453 498 761 952 142 896 774 6 605 328 316 284 523 875 249 849 508 852 512 998 355 224 979 119 947 797 668 295 208 286 500 645 630 931 624 309 955 426 576 657 223 55 814 445 479 569 698 565 538 23 470 280 768 773 206 376 744 41 916 621 423 477 976 209 599 421 861 852 721 517 252 332 935 660 820 381 373 33 993 808 713 493 336 971 923 669 673 125 904 243 892 891 266 190 26 204 932 589 265 374 974 136 88 833 60 950 422 225 465 352 329 377 496 115 726 722 840 33 142 469 683 814 873 195 913 299 956 839 187 54 13 120 221 87 853 977 325 145 820 500 370 183 651 890 220 953 846 311 840 356 181 210 800 577 249 17 98 247 348 342 64 851 869 667 331 752 855 607 382 201 388 647 946 289 385 984 477 539 543 909 805 171 47 703 846 356 56 232 651 851 3 499 454 748 970 306 466 81 356 326 81 282 292 499 934 742 235 792 728 142 515 132 917 383 274 325 400 652 914 101 641 968 468 586 182 985 839 923 828 666 634 288 941 492 874 282 52 717 593 1 893 181 576 932 921 202 613 477 445 704 87 73 494 561 37 431 4 481 845 591 175 872 443 139 671 201 320 608 643 966 390 54 297 870 654 971 597 947 826 848 159 691 956 724 407 962 489 92 75 625 474 771 837 700 760 80 386 663 673 12 286 605 780 947 726 37 321 512 552 508 159 619 856 529
1000
479 643 868 31 73 906 757 436 72 627 753 489 986 67 408 530 986 56 544 583 650 408 473 299 519 573 281 306 999 208 12 175 603 796 690 275 46 555 27 962 471 285 967 984 672 611 795 297 873 446 400 10 649 830 720 15 872 939 605 727 415 88 62 524 101 233 644 417 815 675 440 344 476 209 604 965 985 542 332 738 309 421 214 364 290 746 232 370 3 411 816 859 715 681 11 121 408 98 961 160 981 108 117 726 169 71 828 713 266 224 373 30 472 635 211 216 100 225 515 765 103 807 648 484 61 148 498 38 442 84 329 887 999 886 479 293 644 98 204 716 503 149 309 664 549 763 545 814 253 727 640 966 905 967 499 59 734 102 928 240 869 380 840 976 496 161 980 337 949 745 700 933 531 256 825 230 948 34 772 614 772 101 975 788 562 17 964 516 125 16 797 947 100 932 43 488 156 480 902 252 405 546 271 300 347 172 691 557 642 645 71 794 118 187 411 775 582 303 992 8 21 110 272 767 501 158 483 572 42 298 478 556 268 12 290 407 613 430 522 278 861 111 57 100 410 508 329 721 97 709 92 273 428 964 907 40 81 333 697 920 706 313 558 218 699 950 913 298 697 181 835 760 723 521 441 797 527 466 136 799 232 568 370 921 885 752 587 518 481 384 340 288 982 391 404 165 915 567 122 2 834 368 576 867 756 420 770 893 942 420 267 948 206 671 112 69 749 167 210 863 2 322 828 348 506 743 710 914 278 487 709 725 183 965 741 479 38 18 591 251 987 231 466 530 997 266 282 952 241 202 926 167 974 87 46 888 838 941 534 524 648 58 605 993 294 980 222 956 937 992 868 585 914 855 846 980 134 270 844 917 975 413 44 798 5 25 826 72 660 324 779 215 433 764 13 974 634 251 956 405 782 881 561 514 367 544 93 152 113 1 706 690 9 917 394 602 735 204 731 186 575 795 917 542 271 551 547 955 533 915 189 418 250 487 575 247 380 853 206 183 511 502 717 114 738 868 700 177 557 95 269 624 577 821 999 953 883 28 820 333 240 404 331 596 985 216 20 104 172 160 815 689 662 481 462 883 737 247 732 132 154 98 420 162 316 637 441 230 483 741 388 94 927 984 308 24 442 466 481 52 558 353 859 297 393 315 734 331 506 805 364 764 231 549 104 428 303 102 971 584 41 160 750 399 623 949 413 272 576 503 8 643 538 672 588 590 350 309 530 646 136 383 311 645 252 708 980 162 762 49 155 499 821 693 406 991 279 630 514 652 625 588 600 71 238 130 151 689 938 969 795 866 910 860 594 360 968 772 910 486 249 934 400 675 631 408 799 727 974 717 583 491 853 116 193 118 969 569 740 406 52 459 732 935 228 676 340 714 417 601 437 634 771 716 214 358 248 573 574 848 702 401 166 68 545 413 258 475 901 861 122 94 143 618 697 385 682 570 782 727 868 782 367 958 459 447 417 215 267 650 588 442 117 969 120 678 480 532 880 152 863 443 433 324 949 4 45 128 457 845 723 962 405 509 186 923 571 217 402 454 304 975 432 979 998 739 199 621 520 132 942 70 337 317 384 884 963 316 340 189 189 838 12 198 607 966 319 639 79 409 196 502 733 135 110 39 41 331 673 420 18 597 472 1000 196 783 258 367 175 447 822 446 374 713 401 964 870 737 460 272 23 238 136 62 952 329 158 590 808 927 444 344 825 508 504 560 499 174 181 56 128 956 729 682 429 934 946 4 288 605 713 161 155 952 134 527 380 479 992 176 306 270 991 144 869 583 9 280 635 919 380 983 915 862 246 3 160 999 277 341 303 752 918 232 355 360 939 828 728 437 560 993 407 672 630 848 42 733 433 11 707 474 657 452 327 323 26 426 31 496 134 479 851 821 860 319 362 575 669 853 460 458 222 610 635 944 987 436 325 68 425 984 680 602 388 725 773 957 933 285 631 789 827 404 623 386 57 312 897 533 490 763 332 994 77 924 171 257 56 903 920 364 846 335 911 889 54 71 87 575 766 825 466 61 504 117 131 160 973 746 479 677 403 940 857 424 428 469 116 816 410 723 584 62 494 997 940 692 976 513 460 865 332 877 436 803 155 569 586 579 273 63 876 808 46 776 568 62 519 430 904 124 455 384 568 800 436 335 432 194 516 284 568 235 848 178 96 532 344 989 807 481 364 499 183 759 571 881 554 153 599 42 944 514 173 592 676 409 150 306 446 883 939 900 584 28 530 791 657 863 2 352 579 164 327 727 418 663 25 143
1000
451 7 510 860 43 258 629 555 93 863 626 665 149 843 435 67 391 391 462 1 193 724 501 784 577 785 223 795 157 666 574 812 29 195 93 235 990 807 297 84 149 20 45 65 933 249 994 958 163 784 450 364 397 465 172 629 246 750 540 605 940 328 610 535 975 843 404 302 320 913 518 813 898 178 967 780 460 710 948 135 913 371 423 534 421 607 57 512 283 49 80 388 483 350 378 158 728 342 511 100 690 913 997 480 829 315 368 646 998 137 801 806 360 700 189 797 326 89 53 870 825 184 198 858 150 351 410 6 763 867 701 161 361 818 349 955 729 517 917 461 744 387 377 883 262 155 42 934 164 59 966 59 310 557 199 958 446 952 617 529 382 749 533 306 853 113 306 552 687 442 87 371 562 786 675 147 204 698 755 803 124 73 184 299 476 611 401 712 859 184 24 97 188 370 526 378 818 21 183 657 353 586 40 223 247 132 748 296 67 391 113 497 62 222 215 461 149 633 868 846 283 820 37 472 345 684 470 978 577 439 941 897 676 286 480 677 791 636 823 889 771 609 387 391 557 271 473 74 401 275 884 430 13 96 384 805 51 11 848 523 442 735 387 965 167 984 61 420 851 38 184 670 59 93 592 889 328 928 692 323 392 971 6 764 805 935 963 905 335 988 944 399 330 752 243 741 374 163 190 894 14 495 555 39 977 898 225 411 816 638 517 781 113 52 279 434 609 987 524 232 256 347 263 67 620 272 19 759 672 681 545 567 802 630 713 257 129 175 535 140 336 52 649 677 794 632 697 317 513 115 403 906 174 666 529 960 150 816 930 945 468 227 496 928 664 274 344 504 895 393 777 76 193 294 962 368 20 454 795 517 65 123 847 640 542 829 739 584 899 844 979 613 1000 543 952 17 982 999 459 618 743 121 162 712 830 428 444 395 681 309 594 954 482 78 212 128 582 825 375 415 771 289 345 471 273 733 39 373 803 312 237 559 441 32 914 31 617 726 405 894 693 356 329 307 171 935 181 395 343 217 138 10 400 27 793 410 652 9 372 288 636 667 447 209 56 108 267 104 388 931 64 716 542 63 515 280 949 909 608 650 911 939 2 155 25 405 466 446 3 628 835 137 127 518 971 107 690 173 144 491 643 522 756 573 275 269 353 597 819 425 932 230 666 967 426 186 877 505 359 723 25 211 534 261 382 731 69 387 271 888 541 777 283 392 663 304 237 854 115 270 988 851 706 124 349 645 87 199 850 823 110 567 977 431 791 551 438 702 590 896 293 15 608 569 670 170 84 197 808 804 500 543 59 759 131 511 676 365 938 580 508 856 207 432 886 589 735 923 998 711 819 342 280 369 304 762 361 955 963 400 724 210 213 3 837 459 255 631 985 152 414 202 344 40 255 694 875 562 182 49 430 304 568 357 324 126 809 744 785 788 828 982 228 736 977 939 785 203 978 971 381 338 433 234 783 288 500 850 100 272 700 892 831 968 88 431 77 40 514 723 97 184 586 138 125 356 728 454 834 715 577 349 801 97 395 391 445 452 246 54 281 275 126 433 432 131 216 239 228 969 358 130 120 598 791 247 48 677 682 412 48 925 976 240 949 440 980 884 352 854 501 119 436 701 522 682 661 226 903 847 25 78 493 957 604 958 49 287 401 87 476 965 689 703 684 301 356 219 80 947 987 555 61 245 145 518 428 403 611 626 742 445 285 639 291 209 498 190 146 416 943 873 822 20 476 924 323 317 384 595 74 837 233 27 372 552 24 6 133 914 838 643 651 677 120 496 400 657 887 106 712 453 673 362 379 511 268 138 162 197 898 361 352 362 171 744 253 758 782 547 202 25 296 330 455 515 942 334 953 91 581 49 494 338 950 728 294 657 385 632 319 302 856 356 50 562 812 121 643 293 631 627 155 573 874 944 94 381 724 678 825 591 792 37 826 669 165 242 723 170 546 370 762 588 986 525 259 25 833 46 328 923 141 43 992 206 919 685 829 824 741 623 378 259 927 296 478 435 745 489 571 847 667 52 366 194 370 384 874 367 370 348 476 387 388 430 254 806 650 489 359 48 95 638 721 689 60 788 13 542 472 155 959 182 330 850 332 388 601 820 480 959 437 327 102 232 540 528 439 540 542 498 174 648 393 232 443 559 461 151 167 290 369 768 21 752 845 348 500 357 94 498 673 723 30 756 135 246 798 384 52 600 678 799 204 136 333 288 883 511 803 27 527 104 817 427 109 625 125 662 92 414 567 985 532 813 289 348 820 283
1000
573 292 557 437 750 112 768 887 391 51 52 756 692 694 142 484 306 279 338 594 913 901 143 581 564 892 693 5 122 7 605 427 56 63 417 967 448 197 946 297 864 73 624 937 828 250 987 395 992 469 615 807 555 961 758 757 301 161 648 647 194 485 294 456 434 448 905 891 446 48 93 630 454 611 238 888 570 429 303 75 424 68 382 656 705 787 956 51 765 954 826 405 352 446 329 521 543 709 208 304 586 115 255 349 427 57 165 41 813 797 578 316 274 312 383 356 427 40 314 705 948 792 157 141 402 775 37 762 355 51 893 485 480 686 280 205 240 277 263 746 952 758 775 869 611 377 743 455 676 164 896 979 245 615 217 638 920 400 25 605 40 153 375 103 570 888 178 974 492 77 766 480 6 824 346 833 439 177 435 746 643 705 982 894 250 363 904 596 780 617 116 764 963 635 187 219 859 685 294 185 769 999 25 639 235 548 753 744 483 566 814 83 84 47 127 760 219 651 755 842 419 298 145 182 417 850 505 547 384 885 131 191 527 527 771 480 990 118 673 748 79 871 347 514 850 888 636 173 872 97 427 594 574 152 165 620 572 832 354 458 749 600 1000 305 423 352 317 712 655 33 63 954 552 625 354 734 558 819 500 223 325 731 426 519 74 201 241 331 115 881 610 713 852 581 896 392 572 639 892 638 446 98 98 760 627 835 61 567 390 950 518 288 633 849 901 352 989 362 920 858 341 441 530 198 156 620 361 606 488 19 303 10 610 19 434 851 698 445 18 494 828 759 440 769 776 158 116 541 743 67 231 763 740 962 12 253 691 614 887 860 621 337 476 179 959 547 2 671 882 612 153 915 913 561 767 87 933 368 660 661 798 386 218 635 263 833 544 809 515 34 978 559 83 109 981 946 600 271 692 951 168 488 38 88 254 248 6 691 947 602 553 942 914 694 670 83 528 179 724 983 989 456 620 455 716 856 236 967 474 619 663 180 539 908 95 462 494 817 153 314 593 982 140 738 412 471 327 742 288 68 534 19 564 766 79 758 37 777 561 23 860 297 137 845 909 334 341 99 834 418 185 314 837 884 326 916 37 476 268 554 512 332 819 464 217 41 464 852 588 253 963 311 98 723 91 663 935 483 311 445 23 819 10 704 620 637 873 22 616 75 941 520 64 198 473 372 607 366 382 958 268 644 283 78 130 973 432 665 975 461 633 469 18 252 797 835 728 502 159 467 130 790 45 320 839 941 634 668 8 333 296 770 761 153 404 459 838 950 597 142 619 177 748 677 80 9 860 65 310 115 757 555 159 109 984 804 342 512 774 237 479 455 354 684 112 66 349 232 79 435 420 894 815 862 188 112 119 977 521 291 753 265 489 829 911 840 229 804 963 136 343 915 376 363 110 603 120 848 54 516 751 199 504 294 144 5 189 458 478 250 937 280 77 654 78 513 419 850 359 786 817 320 263 122 556 148 533 486 239 320 822 115 235 212 393 307 317 401 620 408 50 859 678 242 169 695 351 582 214 677 415 267 472 138 556 562 690 39 58 730 106 77 734 906 736 107 898 68 700 873 865 139 225 26 788 439 627 160 970 491 115 52 915 678 620 697 27 887 678 726 599 524 958 539 507 188 214 715 711 34 574 73 206 310 209 643 42 309 379 119 439 178 224 375 581 561 79 666 643 26 972 299 269 231 212 159 697 273 125 2 322 306 88 691 973 593 702 529 164 611 277 676 571 329 407 504 815 44 854 15 622 129 782 310 130 64 415 486 168 750 4 662 631 99 42 241 595 878 424 173 814 747 355 27 814 905 813 436 283 168 70 541 343 89 608 977 240 86 31 307 626 159 618 52 746 214 422 273 79 327 122 788 391 233 245 139 393 557 85 362 328 289 780 76 970 816 707 448 338 3 654 31 879 55 753 197 247 362 811 165 801 63 830 457 501 440 498 276 168 947 688 935 767 941 891 749 765 431 622 538 367 375 794 573 42 945 751 584 184 368 240 62 915 481 601 728 219 112 321 61 311 749 310 679 354 711 234 253 97 809 657 260 271 136 352 940 605 403 445 835 817 378 603 206 207 928 250 75 302 113 312 356 830 120 194 579 851 362 826 110 911 567 136 289 675 75 358 171 363 904 223 766 608 446 448 606 43 294 616 908 239 420 723 115 572 170 342 80 425 977 746 347 457 74 940 765 406 623 24 608 215 253 965 923 228 744 979 96 358 159 87 298 728 388 197 593 961 817 41 502 251 548 55 81 623 178 437 961 30 533
1000
324 819 38 245 105 881 748 694 329 209 436 862 838 604 933 1000 208 851 881 310 890 52 745 767 970 563 785 175 544 389 873 549 218 675 613 567 497 917 74 717 303 761 83 980 690 482 168 35 907 98 140 265 835 523 689 114 112 445 872 619 165 453 944 901 238 152 778 522 683 887 650 845 293 327 226 715 495 149 969 784 789 985 764 202 99 74 530 141 112 541 747 54 912 312 182 143 261 945 253 750 199 364 669 999 929 676 280 683 999 346 622 558 418 209 512 15 824 473 630 681 918 460 440 727 499 1000 676 609 66 285 108 82 790 304 925 661 472 791 211 755 155 132 810 443 727 484 700 682 89 125 4 130 782 91 797 73 116 132 227 396 946 894 168 491 405 40 923 144 702 668 746 144 389 212 661 820 427 532 401 960 244 762 327 922 66 538 952 409 630 237 500 436 824 438 489 669 730 757 237 263 560 786 632 321 802 139 638 165 130 28 712 951 785 285 660 315 234 388 266 32 171 690 812 220 203 131 206 450 864 16 892 193 501 104 375 890 761 114 916 460 225 664 750 483 941 919 457 605 58 241 922 384 550 453 136 11 423 403 687 127 907 497 563 878 882 333 300 652 782 920 2 39 738 136 923 314 151 267 91 381 151 179 590 627 46 663 576 163 132 694 113 923 166 994 792 821 835 458 223 339 381 720 119 12 1000 100 394 870 593 577 799 596 229 30 233 797 148 776 147 329 614 400 632 463 890 412 301 94 866 885 721 85 283 58 85 49 921 221 618 503 115 682 262 173 318 372 571 921 285 893 264 932 195 927 737 835 799 512 677 67 50 95 920 750 416 328 904 117 776 912 540 503 44 795 764 396 548 264 609 896 153 965 255 487 308 958 885 788 83 224 691 405 838 993 707 594 918 304 437 15 153 330 923 87 909 978 33 111 888 246 643 611 329 321 312 809 960 129 822 743 880 274 502 340 187 19 991 809 132 608 736 310 7 856 759 403 977 204 662 669 882 607 195 560 923 409 548 10 257 561 846 579 527 557 397 666 226 840 234 517 138 508 238 394 72 613 857 267 927 501 632 778 646 914 873 495 721 789 465 237 887 382 481 310 101 821 584 947 859 598 125 38 695 858 511 227 719 3 255 955 969 335 374 914 668 683 243 38 981 871 485 996 372 2 810 945 889 928 395 573 358 451 909 828 28 154 39 536 889 382 809 143 194 229 918 119 745 181 695 271 165 974 893 29 810 987 932 94 113 855 347 765 573 303 585 330 106 745 964 141 99 586 867 176 965 350 209 1000 775 687 372 945 684 4 891 439 403 973 973 364 208 959 83 777 190 275 177 129 570 93 285 897 237 257 800 387 844 979 854 455 234 695 177 2 207 717 604 97 191 551 550 22 607 180 905 630 207 767 263 738 798 305 192 219 969 464 533 717 810 778 580 690 435 448 567 57 290 40 752 704 262 58 100 476 420 372 968 707 254 865 913 129 845 809 262 826 329 550 219 97 107 993 301 734 267 200 754 386 20 225 240 254 598 316 817 121 966 971 414 422 7 462 217 415 770 204 462 732 456 606 828 596 185 515 528 384 722 425 975 727 896 636 630 312 965 687 387 493 298 56 183 753 509 140 558 167 306 416 151 515 63 676 823 477 908 350 222 535 365 608 491 485 415 545 341 943 759 689 581 319 412 561 195 711 113 21 74 888 189 8 873 317 910 609 219 198 403 356 202 582 867 448 584 730 20 813 245 99 158 178 130 525 511 264 232 872 279 653 458 746 567 399 767 315 387 415 263 358 744 767 477 545 208 928 824 466 96 413 547 710 975 172 586 438 535 859 466 640 772 917 893 576 324 119 423 512 725 439 15 278 941 935 647 682 473 242 275 418 25 700 425 324 593 226 728 315 363 618 252 187 729 589 852 674 815 345 291 946 200 184 297 945 745 588 28 79 319 70 555 923 606 141 131 998 974 378 682 876 85 198 545 515 859 517 565 737 337 838 478 218 456 696 687 749 110 42 536 918 510 369 36 303 901 56 627 349 180 150 7 237 259 105 481 659 448 501 552 188 662 1 8 229 713 500 314 806 938 525 2 352 115 312 118 21 386 407 89 587 76 348 188 653 488 855 481 885 823 619 57 498 94 34 442 27 874 68 630 594 580 651 424 577 556 750 265 272 272 468 435 937 907 369 504 503 347 584 143 130 42 800 629 294 485 100 885 297 307 333 671 187 661 360 681 380 768 846 92 980 580 164 428 14 141 964 569 989 63 980 842 725
1000
953 818 748 574 165 994 732 230 723 276 862 506 949 260 779 942 621 731 243 418 747 598 329 948 78 202 541 504 63 338 444 80 943 331 315 386 895 929 678 568 493 302 636 706 584 313 501 719 592 223 430 905 851 415 814 436 85 383 55 204 897 908 756 147 992 926 248 216 496 941 994 173 763 766 790 460 608 834 387 431 190 124 252 954 388 246 787 194 110 7 857 235 780 319 829 185 963 604 779 811 647 975 435 372 480 684 73 635 80 563 599 715 632 501 697 261 513 77 472 619 556 54 407 248 144 460 658 329 896 497 176 22 241 796 488 959 973 787 335 197 72 797 230 208 982 544 842 570 126 655 817 107 409 682 672 1 908 504 435 453 677 121 537 541 924 658 33 669 682 665 925 427 873 587 837 489 951 631 271 988 612 10 170 532 569 444 916 89 259 117 548 844 45 184 989 365 817 107 418 449 431 566 815 972 516 481 373 345 835 264 189 464 99 201 344 439 516 546 497 417 345 785 51 50 384 249 491 130 58 182 388 243 629 391 955 53 523 106 727 32 309 601 779 259 940 512 283 111 643 320 806 522 57 220 930 39 661 802 771 249 2 472 619 674 854 699 178 732 687 56 982 17 428 926 843 469 285 838 663 777 132 285 535 254 299 690 834 510 487 984 649 504 17 856 986 835 746 436 296 379 757 5 886 706 98 706 216 562 716 509 554 396 134 820 936 771 459 481 611 368 591 797 243 251 215 440 291 26 586 678 742 468 493 856 384 769 603 802 508 47 86 941 964 609 63 221 297 864 669 642 305 465 551 427 442 216 929 148 743 757 34 682 716 844 137 799 825 28 342 197 682 808 734 35 827 791 298 445 264 632 281 242 96 915 321 452 226 640 501 133 4 4 604 835 719 127 947 47 13 40 566 799 469 30 9 991 276 790 747 306 722 16 660 904 623 715 977 577 612 927 494 631 411 691 921 173 80 578 391 840 424 97 168 637 433 11 214 20 108 864 755 67 914 797 179 477 458 394 968 952 441 523 746 575 491 738 726 395 427 231 957 699 196 905 628 927 168 618 664 100 790 539 988 858 586 327 170 632 839 158 330 63 326 718 576 245 909 481 404 586 420 22 345 644 667 168 334 746 835 557 950 759 981 18 493 456 845 328 972 530 670 155 11 109 974 374 259 152 790 254 193 221 549 196 536 244 101 272 997 90 153 640 85 752 535 978 960 300 562 568 407 620 579 799 13 620 857 986 876 93 721 71 177 699 603 307 460 830 699 866 233 349 145 988 630 917 713 295 664 746 177 919 577 375 599 916 41 576 278 830 458 888 897 683 87 541 933 543 328 752 321 482 248 564 866 560 885 56 703 61 997 481 692 354 269 26 162 66 592 613 105 284 522 113 500 778 239 189 660 136 565 649 767 918 625 905 463 421 107 790 888 363 993 175 138 158 548 90 691 757 805 697 973 99 594 903 116 786 857 948 998 689 345 920 23 178 325 989 854 209 567 495 585 174 271 90 382 192 963 111 479 964 201 775 343 67 215 880 263 811 16 571 193 847 118 719 486 212 163 767 784 138 279 307 512 261 99 410 319 948 70 652 282 132 153 123 245 821 877 220 652 693 377 671 323 155 761 285 271 701 67 639 295 788 271 180 845 539 590 445 676 226 385 35 52 655 408 471 474 94 819 861 661 482 509 519 233 938 951 555 369 6 80 129 998 785 260 767 429 658 238 425 210 140 430 401 877 655 834 670 919 201 292 493 600 167 832 305 861 624 322 548 760 961 153 685 267 390 240 329 39 743 654 234 245 169 744 854 303 673 144 965 767 555 298 364 446 740 144 345 913 480 786 512 296 395 296 346 572 642 950 95 383 858 30 619 402 901 78 48 547 777 434 519 241 144 787 212 900 603 95 344 926 615 940 511 291 293 689 606 417 951 611 318 96 539 739 777 131 696 673 195 755 918 178 622 126 269 252 595 535 426 451 929 733 973 188 103 251 371 570 610 134 828 196 62 483 265 731 497 386 554 303 466 268 580 437 219 36 860 141 297 385 762 353 116 467 546 624 873 88 347 351 838 87 830 156 893 307 517 76 760 479 783 172 587 829 658 179 911 87 894 913 656 415 958 61 315 90 488 882 950 378 87 29 747 943 620 427 862 471 184 960 195 754 794 22 836 642 783 959 688 493 452 772 503 256 775 214 852 66 203 285 700 423 194 716 655 927 963 220 371 600 897 944 32 858 309 81 718 47 793 711 196 24 721 877 221 737 443
1000
236 928 940 15 721 648 912 230 242 13 754 935 417 262 269 269 752 801 57 66 511 39 532 916 396 305 731 453 444 337 472 259 907 8 575 187 372 198 544 57 996 532 727 128 672 781 455 787 14 7 275 550 791 434 918 557 954 413 794 183 203 791 669 197 72 802 409 47 127 756 673 568 563 203 312 326 981 842 268 295 419 980 419 1000 20 755 137 857 487 112 186 696 982 770 50 443 787 69 131 303 165 701 874 956 481 806 97 421 735 402 172 119 437 692 219 529 247 572 934 926 852 820 639 245 932 847 143 73 942 324 188 5 402 263 847 982 656 864 427 559 795 856 20 619 379 926 103 449 728 302 23 907 212 434 907 548 152 179 128 259 795 292 48 724 696 52 741 497 38 648 200 759 227 920 55 247 660 149 318 263 923 483 193 36 835 599 502 720 152 569 841 206 653 715 205 633 111 793 833 595 684 179 72 501 839 687 441 960 268 582 132 882 765 763 415 852 828 442 960 338 235 404 243 152 658 550 173 637 921 322 258 458 15 693 724 931 580 368 468 809 503 450 42 669 129 169 579 921 872 576 368 117 856 717 954 694 59 767 492 774 396 861 605 102 502 438 856 124 198 288 346 140 561 466 363 131 893 112 439 641 751 886 43 233 937 389 773 933 943 83 987 72 223 212 849 42 186 411 930 90 58 151 145 339 890 823 698 498 344 321 665 710 562 478 856 792 138 418 835 796 971 436 242 435 559 561 829 626 10 89 223 769 323 41 387 880 365 993 348 400 507 169 56 121 768 939 696 828 63 709 989 514 113 770 866 958 296 1000 832 761 694 436 978 28 565 97 717 742 111 132 226 401 349 674 597 169 141 603 480 517 521 961 944 611 240 780 489 198 271 676 7 390 798 157 517 407 830 899 908 1000 418 945 475 258 104 175 129 976 295 81 881 287 792 307 63 708 265 642 27 114 524 650 160 286 252 239 658 636 367 609 652 23 355 80 994 131 887 655 154 432 946 941 595 910 363 206 104 663 677 753 159 333 569 563 749 253 559 90 241 378 166 507 296 484 93 736 235 907 78 211 356 257 118 755 136 676 931 22 5 694 67 311 584 941 127 439 153 660 533 190 865 964 628 987 580 351 647 793 676 605 4 57 279 735 944 319 982 483 658 444 39 49 398 678 287 422 390 945 349 439 90 441 945 654 419 820 896 421 866 413 283 709 194 255 860 445 390 440 161 691 919 800 192 282 145 18 15 728 225 334 498 556 251 289 390 905 617 631 764 996 439 973 845 839 649 249 485 3 1 671 728 587 293 536 575 767 420 981 802 472 240 238 151 540 348 130 868 839 303 688 358 1000 369 126 639 73 579 124 870 589 897 311 758 394 566 949 690 917 169 432 701 669 511 141 515 749 815 640 862 246 498 108 775 860 23 482 970 689 664 289 182 209 560 617 614 735 997 507 431 441 653 985 262 326 321 904 186 310 395 710 351 641 167 125 498 571 80 659 426 363 261 796 981 640 53 116 890 219 47 207 612 879 499 529 589 321 631 31 154 914 202 979 602 409 274 85 140 951 322 22 623 969 465 811 683 750 749 88 995 69 392 483 435 803 113 644 70 729 404 89 327 78 924 99 372 399 728 453 498 855 105 689 931 780 105 615 156 178 383 28 831 494 172 620 496 613 68 184 324 82 544 812 738 91 821 940 975 652 376 333 227 700 626 723 9 532 160 607 395 391 7 443 119 576 473 753 44 479 449 17 787 53 162 787 341 68 995 116 8 615 805 684 642 939 183 734 277 628 138 296 520 889 303 59 809 386 115 396 985 930 709 433 121 509 104 184 216 689 650 994 301 661 806 311 503 849 123 548 703 664 696 575 836 265 468 613 872 133 863 444 612 731 408 529 811 513 896 350 99 667 302 416 233 98 378 404 641 10 422 473 486 640 490 184 36 353 597 589 96 222 214 375 349 743 149 885 94 529 797 953 646 13 833 509 209 694 728 527 598 566 368 832 642 13 121 244 945 873 833 690 502 254 818 315 67 389 905 32 970 217 11 301 371 569 170 81 391 352 532 98 780 689 89 690 946 383 924 993 300 519 419 895 658 701 115 236 498 128 956 46 722 435 212 556 712 208 613 222 492 171 675 913 510 120 285 69 193 335 646 778 236 346 440 399 894 290 698 493 29 981 953 953 661 174 546 994 25 898 765 767 456 185 247 881 240 163 763 533 677 61 568 66 540 440 554 885 296 621 156 818 439 1 591 55 118 153 366 534 265 844
1000
650 86 712 632 463 647 215 906 186 269 761 612 16 296 826 391 618 142 510 238 18 113 374 345 220 456 429 544 182 561 566 691 183 53 235 708 255 243 884 173 972 567 464 126 303 808 122 478 727 908 753 763 382 326 964 359 335 944 236 661 63 436 802 204 227 316 490 744 499 46 924 341 216 887 46 985 655 731 44 118 625 11 378 857 626 406 728 539 898 108 479 76 929 588 521 317 380 641 149 110 857 516 614 758 591 668 703 637 693 180 690 201 299 215 432 33 450 784 712 29 595 13 91 222 599 739 482 145 216 843 899 405 923 847 612 426 327 656 580 294 703 217 536 538 765 915 769 505 79 623 925 898 208 620 964 353 825 814 352 929 198 837 699 780 694 176 428 945 960 704 575 456 903 900 381 329 75 547 400 96 75 297 902 600 21 935 997 683 291 478 118 93 26 911 201 407 891 111 949 628 319 501 63 379 177 702 196 430 640 186 144 65 259 122 354 512 413 536 839 774 612 70 945 661 760 865 334 956 371 940 177 650 799 46 966 342 871 96 276 353 372 215 36 754 321 412 578 872 793 639 90 418 68 140 46 103 698 133 505 645 190 946 968 842 93 711 624 178 464 763 556 735 15 327 597 259 413 161 778 839 873 238 897 164 136 235 287 18 760 255 606 452 597 625 81 423 930 436 923 948 430 60 88 133 875 846 354 705 619 834 479 223 456 224 616 381 959 581 909 393 639 549 278 909 242 411 866 801 393 740 228 529 846 82 39 231 289 673 322 235 421 364 586 968 584 6 92 926 875 875 266 135 586 702 171 508 710 478 520 712 72 979 124 294 783 394 428 633 163 752 997 17 32 368 649 928 188 889 445 212 152 285 304 281 155 505 420 92 306 409 414 607 385 348 208 637 709 238 649 332 963 928 148 242 797 459 803 356 174 488 749 883 466 659 607 518 197 795 112 202 211 54 712 800 312 414 88 504 27 123 479 713 452 87 505 125 258 929 297 892 803 729 86 130 945 843 141 190 391 511 138 724 802 206 278 522 605 254 61 337 70 442 810 80 167 958 802 636 890 69 291 830 107 433 557 170 388 626 459 299 451 698 347 773 912 334 773 133 370 848 229 600 101 379 117 600 529 371 524 566 361 852 263 122 477 942 944 981 260 741 491 705 653 710 330 489 517 438 760 647 956 482 120 307 316 270 523 622 669 733 374 932 478 452 338 111 542 490 573 351 486 182 547 984 573 738 165 34 784 666 923 998 67 20 330 970 840 922 526 625 606 287 801 303 772 48 491 793 23 360 256 39 393 96 789 778 348 345 203 387 343 166 791 245 179 957 881 383 465 141 478 3 600 589 532 10 175 231 808 290 943 938 754 353 503 630 492 443 418 872 15 491 696 501 275 840 123 568 805 634 443 412 580 280 266 90 510 140 554 327 289 911 619 182 636 624 269 869 842 463 784 294 654 576 333 762 404 151 708 233 412 35 165 162 677 899 462 24 898 596 967 135 989 824 937 158 422 208 813 639 814 710 478 631 921 691 620 189 316 943 626 435 700 983 481 819 464 427 930 463 398 776 404 129 132 118 812 504 117 482 183 176 87 713 101 802 891 112 379 22 269 630 812 498 208 836 172 14 280 88 652 112 668 835 260 787 5 538 255 433 1 846 628 983 132 655 79 239 330 139 366 181 897 19 293 524 165 771 686 63 787 27 705 191 375 747 387 262 330 953 309 525 575 724 60 504 329 847 609 10 546 624 268 583 685 45 130 779 605 724 400 277 818 248 670 820 935 978 39 445 885 889 789 407 817 563 324 862 172 783 713 757 798 178 437 826 498 90 948 308 249 387 361 646 263 677 749 427 716 17 934 166 91 792 129 75 250 832 459 443 6 553 449 429 357 904 156 241 318 397 933 262 833 272 338 896 187 893 649 14 629 379 185 467 487 232 534 97 822 287 642 48 821 964 969 347 242 253 907 839 974 600 573 895 100 117 238 695 239 868 171 956 802 126 372 386 990 438 243 619 18 182 40 214 188 415 192 670 691 110 833 631 204 784 388 504 753 215 900 448 182 699 620 665 109 553 209 110 101 26 589 887 75 52 693 949 329 230 603 866 216 972 11 305 70 364 993 22 766 86 357 237 426 932 392 930 173 772 871 360 970 269 935 722 915 727 99 201 312 120 248 242 285 769 452 286 276 941 767 427 68 597 840 881 700 709 185 108 835 119 462 736 856 830 947 788 266 788 689 129 56 454 207 211 641 43 91 941 376 34